20130522.tif 28411.0 26735.0 1.22924e+06 600865.0 115720.0 23197.0 1978.0 
20130607.tif 172892.0 747827.0 259660.0 85225.0 73767.0 68434.0 611057.0 
20130810.tif 40669.0 499864.0 994727.0 274879.0 54606.0 24883.0 133693.0 
20130826.tif 32685.0 346107.0 1.17904e+06 329808.0 103390.0 17440.0 14622.0 
20130911.tif 28848.0 375602.0 1.34052e+06 147328.0 19885.0 13174.0 101209.0 
20131216.tif 29490.0 79132.0 82394.0 98873.0 139493.0 322436.0 1.27229e+06 
20140202.tif 24537.0 27461.0 153253.0 199399.0 375232.0 1.22748e+06 14914.0 
20140306.tif 31714.0 1221.0 1.62984e+06 362108.0 4006.0 492.0 63.0 
20140322.tif 31453.0 68823.0 1.61746e+06 302392.0 8359.0 515.0 189.0 
20140423.tif 85425.0 106753.0 65519.0 58815.0 84574.0 127788.0 1.48074e+06 
20140525.tif 24979.0 637999.0 687987.0 125726.0 84167.0 58623.0 401183.0 
20140626.tif 15460.0 0.0 0.0 1.99705e+06 686.0 0.0 0.0 
20140712.tif 28726.0 126797.0 1.39113e+06 347566.0 125410.0 6180.0 652.0 
20140728.tif 29070.0 271322.0 1.26232e+06 300300.0 128595.0 34240.0 954.0 
20140813.tif 28105.0 121304.0 1.33333e+06 385335.0 148187.0 9352.0 227.0 
20140829.tif 110138.0 720570.0 722880.0 144392.0 51985.0 36023.0 238688.0 
20140914.tif 27387.0 314844.0 1.21409e+06 246835.0 86530.0 47833.0 87604.0 
20140930.tif 29515.0 203701.0 1.29001e+06 385448.0 78540.0 23639.0 16397.0 
20141117.tif 31634.0 258257.0 1.08424e+06 611320.0 42920.0 758.0 235.0 
20150309.tif 31553.0 291383.0 1.20515e+06 405982.0 44368.0 20006.0 30848.0 
20150325.tif 30326.0 296697.0 1.28207e+06 401213.0 16554.0 824.0 334.0 
20150410.tif 30325.0 310628.0 1.35652e+06 309445.0 19863.0 897.0 377.0 
20150512.tif 27109.0 201357.0 1.43254e+06 235510.0 18476.0 10187.0 99596.0 
20150613.tif 29224.0 87492.0 1.44616e+06 406295.0 52685.0 3658.0 1447.0 
20150715.tif 20565.0 717574.0 552362.0 149711.0 91465.0 67513.0 418994.0 
20150816.tif 25654.0 64726.0 1.1284e+06 714741.0 65718.0 21064.0 3087.0 
20150901.tif 27464.0 109450.0 1.22214e+06 623392.0 20542.0 22209.0 4.0 
20150917.tif 27980.0 258033.0 1.10749e+06 578529.0 49635.0 3966.0 72.0 
20151003.tif 29195.0 276748.0 1.08915e+06 573057.0 41634.0 15736.0 565.0 
20160123.tif 29680.0 49553.0 92867.0 208389.0 344680.0 1.21878e+06 83464.0 
20160208.tif 30479.0 102123.0 97811.0 97474.0 141622.0 667677.0 886600.0 
20160311.tif 191878.0 669629.0 273898.0 129397.0 102963.0 86333.0 567582.0 
20160327.tif 19967.0 0.0 943.0 1.96233e+06 34458.0 0.0 0.0 
20160412.tif 29949.0 97517.0 1.2895e+06 496083.0 99878.0 14718.0 40.0 
20160701.tif 30042.0 45574.0 1.32593e+06 529836.0 74497.0 14133.0 7765.0 
20160717.tif 27636.0 186097.0 1.23316e+06 423681.0 136540.0 17678.0 582.0 
20160802.tif 27267.0 314511.0 1.10970e+06 291714.0 108827.0 26330.0 146615.0 
20160818.tif 298468.0 532461.0 450005.0 103949.0 29865.0 30222.0 574262.0 
20160903.tif 29506.0 371729.0 1.16592e+06 309759.0 28462.0 16525.0 105178.0 
